Musly MIREX similarity matrix (Version: 0.1), Method: timbre
1	testCases//03a_Grand_Upright_Alone_Again_F.wav
2	testCases//03b_Grand_Upright_Alone_Again_F.wav
3	testCases//04a_Jean_Hand_Clapping_Song_F.wav
4	testCases//04b_Bug_Music_My_Love_Is_Your_Love_F.wav
5	testCases//05a_Three_Boys_Music_Love_Is_A_Wonderful_Thing_F.wav
6	testCases//05b_Michael_Bolton_Love_is_a_Wondrful_Things_F.wav
7	testCases//06a_Cottrill_What_You_See_is_What_You_Get_F.wav
8	testCases//06b_Spears_What_U_see_is_What_U_Get_F.wav
9	testCases//07a_Baxter_Joy_F.wav
10	testCases//07b_MCA_Theme_from_ET_F.wav
11	testCases//10a_Grantie_Muisc_Tiny_Bubbles_F.wav
12	testCases//10b_United_Artists_Hiding_The_Wine_F.wav
13	testCases//11a_Repp_Till_you_F.wav
14	testCases//11b_Llyoyd_Webber_Phantom_Song_F.wav
15	testCases//14a_Swirsky_One_of_Those_Love_Songs_F.wav
16	testCases//14b_Carey_Thank_God_I_Found_You_F.wav
17	testCases//15a_Bright_Tunes_Music_Hes_so_fine_F.wav
18	testCases//15b_Harisongs_Music_My_Sweet_Lord_F.wav
19	testCases//16a_Herald_Square_Music_Day_By_Day_F.wav
20	testCases//16b_Living_Music_Theme_NBC_Today_Show_.wav
21	testCases//17a_Selle_Let_It_End_F.wav
22	testCases//17b_Gibb_How_Deep_Is_Your_Love_F.wav
23	testCases//18a_Fantasy_Run_Through_The_Jungle_F.wav
24	testCases//18b_Fogerty_The_Old_Man_Down_the_Road_F.wav
25	testCases//19a_Louis_Gaste_Pour_Toi_F.wav
26	testCases//19b_Morris_Kaiserman_Feelings_F.wav
27	testCases//20a_Levine_Life_is_A_Rock_F.wav
28	testCases//20b_McDonald_Menu_Song_F.wav
29	testCases//21a_Boulevard of Broken Dreams_F.mp3
30	testCases//21b_ワンレイニーイントーキョー_F.mp3
31	testCases//22a_記念樹_F.mp3
32	testCases//22b_どこまでもいこう_F.mp3
33	testCases//23a_八月のレイニー_F.mp3
34	testCases//23b_M.A.K.E_F.mp3
Q/R	1	2	3	4	5	6	7	8	9	10	11	12	13	14	15	16	17	18	19	20	21	22	23	24	25	26	27	28	29	30	31	32	33	34
1	0	0.747268	0.772676	0.905321	0.792632	0.760687	0.863351	0.740668	0.933367	0.870401	0.657011	0.971503	0.707925	0.744787	0.692469	0.709136	0.719854	0.626378	0.591092	0.950719	0.896816	0.617122	0.522158	0.601907	0.867817	0.727764	0.579489	0.658296	0.870629	0.689279	0.811027	0.937108	0.857193	0.954395
2	0.747268	0	0.835185	0.73796	0.787549	0.725316	0.706454	0.595546	0.894551	0.927929	0.623823	0.922788	0.822108	0.735723	0.790371	0.811541	0.737061	0.690867	0.816603	0.938445	0.797877	0.730361	0.736174	0.720079	0.888858	0.724469	0.654537	0.791924	0.841255	0.613769	0.826478	0.986917	0.84321	0.769376
3	0.772676	0.835185	0	0.798185	0.655396	0.619218	0.797718	0.630066	0.95565	0.924738	0.75928	0.973054	0.880946	0.66978	0.792665	0.775061	0.791172	0.667941	0.812844	0.945767	0.933752	0.787308	0.687024	0.636149	0.943459	0.894483	0.721266	0.850481	0.94453	0.817185	0.811911	0.97936	0.708193	0.822442
4	0.905321	0.73796	0.798185	0	0.918824	0.874086	0.76884	0.763451	0.971858	0.964962	0.873905	0.974704	0.959734	0.84227	0.896559	0.911928	0.836019	0.914818	0.940946	0.983716	0.972153	0.844589	0.895632	0.844796	0.942375	0.842848	0.81115	0.886648	0.935687	0.86999	0.930576	0.991896	0.873422	0.762612
5	0.792632	0.787549	0.655396	0.918824	0	0.367583	0.725365	0.522509	0.923261	0.867833	0.635202	0.957277	0.706276	0.636544	0.612747	0.647848	0.59938	0.544186	0.74086	0.91253	0.862467	0.816332	0.62481	0.56479	0.925044	0.899339	0.708889	0.742313	0.906903	0.68386	0.668366	0.970029	0.540859	0.805864
6	0.760687	0.725316	0.619218	0.874086	0.367583	0	0.618958	0.385727	0.931115	0.869337	0.563838	0.974404	0.837865	0.448494	0.443221	0.578433	0.539512	0.557419	0.666149	0.961	0.91282	0.716772	0.703111	0.530377	0.92625	0.832111	0.525192	0.682066	0.911868	0.60556	0.625561	0.960866	0.680892	0.783606
7	0.863351	0.706454	0.797718	0.76884	0.725365	0.618958	0	0.594429	0.930612	0.739801	0.671128	0.959508	0.792255	0.59274	0.705554	0.790242	0.600907	0.700408	0.706869	0.974534	0.927557	0.719103	0.658234	0.628485	0.812309	0.690377	0.582142	0.430014	0.759975	0.618103	0.665117	0.94421	0.81659	0.840865
8	0.740668	0.595546	0.630066	0.763451	0.522509	0.385727	0.594429	0	0.89052	0.837954	0.561164	0.95474	0.884174	0.522742	0.609384	0.660819	0.530668	0.535123	0.795864	0.945397	0.921719	0.812492	0.614246	0.423753	0.928537	0.818544	0.552932	0.76655	0.864453	0.616627	0.657278	0.985986	0.539792	0.532191
9	0.933367	0.894551	0.95565	0.971858	0.923261	0.931115	0.930612	0.89052	0	0.879673	0.917385	0.837235	0.794258	0.936006	0.932694	0.925991	0.940159	0.906023	0.874821	0.719728	0.679518	0.942165	0.947383	0.936734	0.786893	0.90052	0.954414	0.96129	0.758333	0.854405	0.86644	0.938079	0.944725	0.938312
10	0.870401	0.927929	0.924738	0.964962	0.867833	0.869337	0.739801	0.837954	0.879673	0	0.849476	0.940605	0.789328	0.880566	0.838215	0.942578	0.829542	0.841817	0.855912	0.944817	0.901146	0.900937	0.820688	0.840543	0.759621	0.841928	0.906468	0.640869	0.712524	0.848714	0.732717	0.849838	0.912339	0.965292
11	0.657011	0.623823	0.75928	0.873905	0.635202	0.563838	0.671128	0.561164	0.917385	0.849476	0	0.964238	0.748354	0.674741	0.720277	0.787022	0.749833	0.517614	0.677045	0.944271	0.795993	0.671134	0.55362	0.596298	0.885788	0.698695	0.584607	0.646369	0.859277	0.607436	0.792029	0.976999	0.697416	0.858153
12	0.971503	0.922788	0.973054	0.974704	0.957277	0.974404	0.959508	0.95474	0.837235	0.940605	0.964238	0	0.77389	0.960439	0.983032	0.980239	0.978237	0.979837	0.971282	0.655738	0.607063	0.979998	0.974728	0.977779	0.909288	0.97228	0.980661	0.979141	0.832226	0.942519	0.928016	0.988469	0.942617	0.921446
13	0.707925	0.822108	0.880946	0.959734	0.706276	0.837865	0.792255	0.884174	0.794258	0.789328	0.748354	0.77389	0	0.84795	0.790713	0.806762	0.821296	0.73856	0.688441	0.824064	0.543874	0.722307	0.684359	0.723775	0.610145	0.726357	0.740617	0.702534	0.738784	0.675371	0.799271	0.914427	0.909149	0.96806
14	0.744787	0.735723	0.66978	0.84227	0.636544	0.448494	0.59274	0.522742	0.936006	0.880566	0.674741	0.960439	0.84795	0	0.481815	0.618829	0.561814	0.680506	0.669529	0.964764	0.920124	0.652476	0.638372	0.537924	0.872529	0.733097	0.491318	0.521357	0.820293	0.50876	0.521627	0.932937	0.814891	0.901785
15	0.692469	0.790371	0.792665	0.896559	0.612747	0.443221	0.705554	0.609384	0.932694	0.838215	0.720277	0.983032	0.790713	0.481815	0	0.237025	0.494732	0.566632	0.574402	0.969586	0.925835	0.62457	0.579272	0.578503	0.92914	0.741885	0.49089	0.639643	0.9007	0.501221	0.73163	0.875427	0.82274	0.927015
16	0.709136	0.811541	0.775061	0.911928	0.647848	0.578433	0.790242	0.660819	0.925991	0.942578	0.787022	0.980239	0.806762	0.618829	0.237025	0	0.54451	0.557125	0.607494	0.931561	0.922631	0.700397	0.62992	0.579791	0.930774	0.828241	0.528803	0.785029	0.935171	0.582561	0.828207	0.932275	0.765368	0.881552
17	0.719854	0.737061	0.791172	0.836019	0.59938	0.539512	0.600907	0.530668	0.940159	0.829542	0.749833	0.978237	0.821296	0.561814	0.494732	0.54451	0	0.654724	0.740737	0.972256	0.951881	0.682599	0.594518	0.526584	0.894226	0.756898	0.501819	0.519123	0.824407	0.567833	0.752193	0.956071	0.733141	0.859889
18	0.626378	0.690867	0.667941	0.914818	0.544186	0.557419	0.700408	0.535123	0.906023	0.841817	0.517614	0.979837	0.73856	0.680506	0.566632	0.557125	0.654724	0	0.509242	0.923062	0.875211	0.752025	0.4782	0.514925	0.93773	0.794745	0.67279	0.740291	0.901544	0.624861	0.788424	0.945764	0.682103	0.787916
19	0.591092	0.816603	0.812844	0.940946	0.74086	0.666149	0.706869	0.795864	0.874821	0.855912	0.677045	0.971282	0.688441	0.669529	0.574402	0.607494	0.740737	0.509242	0	0.952763	0.856618	0.531477	0.619165	0.674348	0.878516	0.618796	0.571731	0.613196	0.838404	0.514545	0.746965	0.811939	0.915347	0.966943
20	0.950719	0.938445	0.945767	0.983716	0.91253	0.961	0.974534	0.945397	0.719728	0.944817	0.944271	0.655738	0.824064	0.964764	0.969586	0.931561	0.972256	0.923062	0.952763	0	0.480333	0.976688	0.955419	0.972861	0.888471	0.980585	0.984107	0.993866	0.853611	0.962062	0.945774	0.991997	0.897592	0.891556
21	0.896816	0.797877	0.933752	0.972153	0.862467	0.91282	0.927557	0.921719	0.679518	0.901146	0.795993	0.607063	0.543874	0.920124	0.925835	0.922631	0.951881	0.875211	0.856618	0.480333	0	0.894167	0.85922	0.932866	0.73523	0.905502	0.884092	0.930256	0.74548	0.894268	0.910356	0.973432	0.897923	0.932722
22	0.617122	0.730361	0.787308	0.844589	0.816332	0.716772	0.719103	0.812492	0.942165	0.900937	0.671134	0.979998	0.722307	0.652476	0.62457	0.700397	0.682599	0.752025	0.531477	0.976688	0.894167	0	0.556335	0.585603	0.814944	0.563259	0.495414	0.482415	0.85182	0.571026	0.766025	0.878973	0.883054	0.966899
23	0.522158	0.736174	0.687024	0.895632	0.62481	0.703111	0.658234	0.614246	0.947383	0.820688	0.55362	0.974728	0.684359	0.638372	0.579272	0.62992	0.594518	0.4782	0.619165	0.955419	0.85922	0.556335	0	0.377224	0.855571	0.699238	0.477237	0.469906	0.828103	0.622146	0.787772	0.94782	0.68019	0.918004
24	0.601907	0.720079	0.636149	0.844796	0.56479	0.530377	0.628485	0.423753	0.936734	0.840543	0.596298	0.977779	0.723775	0.537924	0.578503	0.579791	0.526584	0.514925	0.674348	0.972861	0.932866	0.585603	0.377224	0	0.843387	0.649268	0.428105	0.539077	0.815577	0.567815	0.707481	0.973195	0.69527	0.817129
25	0.867817	0.888858	0.943459	0.942375	0.925044	0.92625	0.812309	0.928537	0.786893	0.759621	0.885788	0.909288	0.610145	0.872529	0.92914	0.930774	0.894226	0.93773	0.878516	0.888471	0.73523	0.814944	0.855571	0.843387	0	0.672285	0.879262	0.638448	0.34239	0.817117	0.827785	0.911717	0.976773	0.979755
26	0.727764	0.724469	0.894483	0.842848	0.899339	0.832111	0.690377	0.818544	0.90052	0.841928	0.698695	0.97228	0.726357	0.733097	0.741885	0.828241	0.756898	0.794745	0.618796	0.980585	0.905502	0.563259	0.699238	0.649268	0.672285	0	0.606559	0.462835	0.758827	0.565831	0.859966	0.888704	0.960507	0.965822
27	0.579489	0.654537	0.721266	0.81115	0.708889	0.525192	0.582142	0.552932	0.954414	0.906468	0.584607	0.980661	0.740617	0.491318	0.49089	0.528803	0.501819	0.67279	0.571731	0.984107	0.884092	0.495414	0.477237	0.428105	0.879262	0.606559	0	0.368457	0.866736	0.496684	0.763296	0.911355	0.813038	0.918765
28	0.658296	0.791924	0.850481	0.886648	0.742313	0.682066	0.430014	0.76655	0.96129	0.640869	0.646369	0.979141	0.702534	0.521357	0.639643	0.785029	0.519123	0.740291	0.613196	0.993866	0.930256	0.482415	0.469906	0.539077	0.638448	0.462835	0.368457	0	0.733565	0.593035	0.687417	0.722469	0.91689	0.977754
29	0.870629	0.841255	0.94453	0.935687	0.906903	0.911868	0.759975	0.864453	0.758333	0.712524	0.859277	0.832226	0.738784	0.820293	0.9007	0.935171	0.824407	0.901544	0.838404	0.853611	0.74548	0.85182	0.828103	0.815577	0.34239	0.758827	0.866736	0.733565	0	0.745957	0.685833	0.928987	0.951019	0.950986
30	0.689279	0.613769	0.817185	0.86999	0.68386	0.60556	0.618103	0.616627	0.854405	0.848714	0.607436	0.942519	0.675371	0.50876	0.501221	0.582561	0.567833	0.624861	0.514545	0.962062	0.894268	0.571026	0.622146	0.567815	0.817117	0.565831	0.496684	0.593035	0.745957	0	0.643707	0.944322	0.848828	0.921682
31	0.811027	0.826478	0.811911	0.930576	0.668366	0.625561	0.665117	0.657278	0.86644	0.732717	0.792029	0.928016	0.799271	0.521627	0.73163	0.828207	0.752193	0.788424	0.746965	0.945774	0.910356	0.766025	0.787772	0.707481	0.827785	0.859966	0.763296	0.687417	0.685833	0.643707	0	0.903213	0.774729	0.902141
32	0.937108	0.986917	0.97936	0.991896	0.970029	0.960866	0.94421	0.985986	0.938079	0.849838	0.976999	0.988469	0.914427	0.932937	0.875427	0.932275	0.956071	0.945764	0.811939	0.991997	0.973432	0.878973	0.94782	0.973195	0.911717	0.888704	0.911355	0.722469	0.928987	0.944322	0.903213	0	0.988059	0.996515
33	0.857193	0.84321	0.708193	0.873422	0.540859	0.680892	0.81659	0.539792	0.944725	0.912339	0.697416	0.942617	0.909149	0.814891	0.82274	0.765368	0.733141	0.682103	0.915347	0.897592	0.897923	0.883054	0.68019	0.69527	0.976773	0.960507	0.813038	0.91689	0.951019	0.848828	0.774729	0.988059	0	0.457614
34	0.954395	0.769376	0.822442	0.762612	0.805864	0.783606	0.840865	0.532191	0.938312	0.965292	0.858153	0.921446	0.96806	0.901785	0.927015	0.881552	0.859889	0.787916	0.966943	0.891556	0.932722	0.966899	0.918004	0.817129	0.979755	0.965822	0.918765	0.977754	0.950986	0.921682	0.902141	0.996515	0.457614	0
